BestMCTS3;HQL\\_BOT;SOISMCTS;Sakkirin;ToT-BoT
 75.00; 70.00; 55.56;  0.00; 37.50
 87.50; 65.00; 44.44;  0.00; 37.50
 83.33; 63.33; 51.85;  0.00; 37.50
 83.33; 65.00; 50.00;  0.00; 37.50
 82.46; 69.23; 51.11;  2.13; 34.15
 83.33; 68.75; 51.85;  1.72; 36.00
 81.33; 71.05; 53.97;  4.35; 32.20
 80.95; 72.73; 51.39;  6.25; 32.35
 79.57; 73.20; 54.76;  7.78; 28.95
 80.39; 72.64; 56.25;  9.90; 25.88
 80.18; 73.91; 56.48; 10.71; 24.47
 79.17; 75.00; 57.50; 11.38; 23.30
 79.07; 75.94; 58.46; 12.88; 20.69
 78.26; 76.76; 60.00; 14.18; 18.60
 76.87; 78.15; 61.33; 15.33; 16.90
 77.56; 78.12; 61.88; 16.35; 15.48
 76.33; 78.24; 62.72; 16.67; 14.63
 76.92; 77.78; 62.36; 16.95; 13.87
 77.44; 75.79; 63.10; 17.74; 13.19
 76.92; 76.50; 62.76; 17.95; 12.57
 77.88; 75.94; 62.93; 17.96; 12.00
 78.32; 75.45; 63.55; 17.97; 11.48
 78.72; 75.42; 63.68; 17.98; 11.01
 79.10; 75.81; 63.36; 17.99; 10.57
 78.66; 75.10; 64.75; 18.40; 10.17
 79.39; 74.81; 64.45; 18.77;  9.80
 79.70; 74.18; 64.93; 19.12;  9.45
 80.00; 73.94; 65.00; 19.43;  9.13
 80.28; 74.06; 65.17; 19.86;  8.70
 80.54; 74.17; 65.33; 20.27;  8.30
 80.46; 74.28; 65.81; 20.65;  7.95
 80.38; 74.06; 66.56; 21.00;  7.62
 80.55; 73.94; 66.26; 21.04;  7.41
 80.70; 74.12; 65.38; 21.36;  7.21
 81.13; 73.43; 65.42; 21.39;  7.02
 81.25; 73.06; 65.45; 21.41;  6.84
 81.70; 73.39; 64.93; 21.31;  6.67
 81.61; 73.96; 64.71; 21.22;  6.50
 81.27; 73.99; 65.27; 21.13;  6.35
 81.44; 74.02; 65.31; 21.05;  6.20
 81.36; 73.38; 66.09; 21.22;  6.06
 81.52; 73.24; 65.87; 21.62;  5.93
 81.44; 73.33; 65.89; 21.76;  5.80
 81.36; 73.20; 66.14; 21.90;  5.67
 81.51; 73.07; 66.44; 22.12;  5.50
 81.66; 72.94; 66.52; 22.56;  5.35
 82.01; 72.82; 66.60; 22.77;  5.19
 82.14; 72.71; 66.88; 22.96;  5.05
 82.62; 72.04; 66.87; 22.95;  4.96
 82.87; 71.80; 66.67; 22.94;  4.87
 82.72; 71.57; 66.86; 22.92;  4.78
 82.95; 71.15; 66.86; 22.91;  4.70
 82.87; 71.43; 66.86; 22.81;  4.62
 82.97; 71.51; 66.67; 22.91;  4.54
 83.06; 71.58; 66.48; 22.99;  4.46
 82.80; 72.01; 66.30; 23.08;  4.39
 82.72; 71.92; 66.49; 23.16;  4.32
 82.99; 71.84; 66.32; 23.24;  4.25
 82.91; 71.76; 66.50; 23.31;  4.18
 82.83; 71.85; 66.33; 23.55;  4.12
 82.76; 71.78; 66.72; 23.69;  4.03
 82.85; 71.86; 66.77; 23.83;  3.94
 82.62; 71.79; 67.14; 24.13;  3.86
 82.55; 71.88; 67.34; 24.26;  3.78
 82.59; 71.85; 67.18; 24.23;  3.73
 82.48; 71.82; 67.17; 24.20;  3.68
 82.37; 71.94; 67.02; 24.17;  3.63
 82.41; 71.91; 66.86; 24.15;  3.58
 82.50; 71.97; 66.86; 24.05;  3.53
 82.44; 72.30; 66.71; 23.96;  3.48
 82.52; 72.49; 66.57; 23.87;  3.44
 82.73; 72.53; 66.43; 23.78;  3.39
 82.81; 72.32; 66.57; 23.84;  3.35
 82.61; 72.65; 66.44; 23.89;  3.31
 82.56; 72.58; 66.58; 23.94;  3.27
 82.50; 72.64; 66.58; 23.98;  3.23
 82.31; 72.70; 66.75; 24.22;  3.17
 82.26; 72.76; 66.92; 24.33;  3.12
 82.21; 72.69; 67.22; 24.43;  3.07
 82.29; 72.62; 67.38; 24.53;  3.02
 81.95; 72.72; 67.49; 24.50;  2.99
 81.87; 72.56; 67.60; 24.48;  2.95
 82.04; 72.29; 67.59; 24.46;  2.92
 82.31; 72.14; 67.34; 24.43;  2.89
 82.38; 72.18; 67.34; 24.35;  2.86
 82.33; 72.34; 67.33; 24.27;  2.83
 82.29; 72.26; 67.56; 24.19;  2.80
 82.47; 72.30; 67.43; 24.12;  2.77
 82.42; 72.35; 67.42; 24.16;  2.74
 82.48; 72.30; 67.41; 24.20;  2.71
 82.33; 72.35; 67.51; 24.23;  2.68
 82.39; 72.19; 67.61; 24.27;  2.66
 82.45; 72.03; 67.85; 24.36;  2.62
 82.41; 72.08; 67.98; 24.44;  2.58
 82.47; 72.13; 68.00; 24.53;  2.55
 82.43; 72.19; 68.12; 24.61;  2.51
 82.25; 72.37; 68.01; 24.59;  2.49
 82.48; 72.14; 67.89; 24.56;  2.47
 82.41; 72.02; 67.98; 24.54;  2.44
 82.54; 71.80; 67.97; 24.52;  2.42
 82.60; 72.04; 67.76; 24.45;  2.40
 82.65; 72.17; 67.65; 24.39;  2.38
 82.80; 72.10; 67.64; 24.32;  2.36
 82.66; 72.33; 67.64; 24.25;  2.34
 82.43; 72.56; 67.62; 24.29;  2.32
 82.30; 72.51; 67.80; 24.32;  2.30
 82.17; 72.47; 67.98; 24.35;  2.28
 82.13; 72.32; 68.06; 24.47;  2.26
 82.28; 72.28; 68.07; 24.54;  2.23
 82.33; 72.14; 68.18; 24.70;  2.20
 82.29; 72.10; 68.38; 24.77;  2.18
 82.35; 72.14; 68.39; 24.84;  2.15
 82.37; 72.12; 68.29; 24.82;  2.14
 82.31; 72.11; 68.19; 24.89;  2.12
 82.16; 72.09; 68.27; 24.87;  2.10
 82.19; 72.07; 68.08; 24.94;  2.09
 82.33; 72.01; 68.07; 24.87;  2.07
 82.38; 72.13; 67.97; 24.81;  2.05
 82.34; 72.16; 68.05; 24.75;  2.04
 82.23; 72.35; 68.04; 24.69;  2.02
 82.28; 72.39; 67.94; 24.71;  2.01
 82.16; 72.43; 68.01; 24.73;  1.99
 81.97; 72.39; 68.24; 24.76;  1.98
 82.02; 72.27; 68.31; 24.78;  1.96
 82.15; 72.15; 68.40; 24.84;  1.94
 82.11; 72.19; 68.49; 24.90;  1.92
 82.00; 72.31; 68.50; 25.04;  1.90
 81.97; 72.34; 68.52; 25.18;  1.88
 82.08; 72.17; 68.50; 25.16;  1.87
 82.18; 72.15; 68.34; 25.13;  1.86
 82.28; 71.98; 68.32; 25.11;  1.84
 82.30; 71.89; 68.31; 25.10;  1.83
 82.35; 71.92; 68.23; 25.11;  1.82
 82.39; 72.10; 68.07; 25.06;  1.81
 82.36; 72.12; 68.13; 25.00;  1.79
 82.48; 72.15; 68.05; 24.94;  1.78
 82.45; 72.26; 67.96; 24.96;  1.77
 82.34; 72.22; 68.10; 24.98;  1.76
 82.39; 72.19; 68.08; 25.00;  1.75
 82.43; 72.08; 68.14; 25.02;  1.74
 82.54; 72.12; 68.09; 25.07;  1.72
 82.65; 72.01; 68.17; 25.12;  1.70
 82.55; 72.12; 68.25; 25.17;  1.69
 82.59; 72.08; 68.33; 25.23;  1.67
 82.68; 71.86; 68.39; 25.21;  1.66
 82.69; 71.85; 68.31; 25.19;  1.65
 82.71; 71.77; 68.23; 25.24;  1.64
 82.86; 71.69; 68.09; 25.22;  1.63
 82.90; 71.78; 67.95; 25.24;  1.62
 83.00; 71.81; 67.87; 25.18;  1.61
 82.97; 71.90; 67.80; 25.20;  1.60
 83.07; 71.79; 67.79; 25.21;  1.59
 83.04; 71.83; 67.78; 25.23;  1.58
 83.07; 71.80; 67.77; 25.24;  1.57
 83.04; 71.83; 67.76; 25.26;  1.56
 82.95; 71.87; 67.82; 25.27;  1.56
 82.98; 71.90; 67.83; 25.32;  1.54
 83.02; 72.00; 67.78; 25.36;  1.53
 83.11; 71.97; 67.80; 25.41;  1.52
 83.15; 71.94; 67.88; 25.45;  1.50
 82.97; 71.99; 67.93; 25.44;  1.50
 82.98; 71.85; 67.99; 25.42;  1.49
 83.00; 71.84; 67.92; 25.40;  1.48
 83.07; 71.71; 67.91; 25.38;  1.47
 83.04; 71.79; 67.90; 25.33;  1.46
 83.07; 71.88; 67.84; 25.29;  1.46
 83.04; 71.96; 67.83; 25.24;  1.45
 83.02; 71.98; 67.88; 25.19;  1.44
 82.99; 72.01; 67.81; 25.27;  1.43
 83.02; 71.98; 67.81; 25.28;  1.42
 82.99; 72.01; 67.80; 25.29;  1.42
 82.97; 71.93; 67.91; 25.30;  1.41
 83.00; 71.90; 67.98; 25.35;  1.40
 83.08; 71.87; 67.99; 25.39;  1.39
 83.06; 71.96; 68.00; 25.43;  1.38
 83.09; 71.99; 68.01; 25.47;  1.37
 83.04; 72.03; 67.89; 25.51;  1.36
 83.11; 71.97; 67.83; 25.49;  1.35
 83.12; 71.90; 67.82; 25.48;  1.35
 83.02; 71.94; 67.82; 25.46;  1.34
 82.99; 71.96; 67.87; 25.42;  1.33
 82.97; 71.98; 67.92; 25.37;  1.33
 83.00; 72.06; 67.86; 25.33;  1.32
 83.03; 72.19; 67.74; 25.29;  1.31
 83.05; 72.16; 67.73; 25.30;  1.31
 82.98; 72.13; 67.83; 25.31;  1.30
 83.06; 72.05; 67.83; 25.32;  1.29
 83.03; 72.13; 67.77; 25.33;  1.29
 83.06; 72.16; 67.78; 25.37;  1.28
 83.03; 72.13; 67.89; 25.41;  1.27
 83.11; 72.11; 67.91; 25.45;  1.26
 83.14; 72.08; 67.97; 25.48;  1.25
 83.05; 72.07; 68.01; 25.47;  1.25
 83.11; 72.01; 67.96; 25.45;  1.24
 83.17; 71.95; 67.90; 25.44;  1.24
 83.23; 71.89; 67.84; 25.42;  1.23
 83.26; 71.86; 67.89; 25.38;  1.22
 83.23; 72.03; 67.78; 25.34;  1.22
 83.16; 72.04; 67.88; 25.30;  1.21
 83.13; 72.11; 67.87; 25.26;  1.21
 83.16; 72.09; 67.86; 25.27;  1.20
 83.14; 72.06; 67.91; 25.28;  1.20
 83.11; 72.04; 67.85; 25.39;  1.19
 83.14; 72.02; 67.84; 25.40;  1.19
 83.16; 72.04; 67.85; 25.44;  1.18
 83.09; 72.11; 67.91; 25.47;  1.17
 83.12; 72.14; 67.92; 25.51;  1.16
 83.09; 72.21; 67.93; 25.54;  1.16
 83.05; 72.25; 67.88; 25.53;  1.15
 83.11; 72.24; 67.78; 25.51;  1.15
 83.03; 72.27; 67.77; 25.50;  1.14
 83.04; 72.22; 67.77; 25.48;  1.14
 83.01; 72.28; 67.76; 25.45;  1.13
 82.99; 72.39; 67.71; 25.41;  1.13
 83.02; 72.45; 67.66; 25.37;  1.12
 83.04; 72.51; 67.61; 25.34;  1.12
 83.11; 72.53; 67.51; 25.35;  1.11
 83.04; 72.64; 67.46; 25.36;  1.11
 82.88; 72.67; 67.60; 25.36;  1.10
 82.86; 72.64; 67.64; 25.37;  1.10
 82.84; 72.66; 67.65; 25.45;  1.09
 82.87; 72.68; 67.66; 25.48;  1.09
 82.76; 72.75; 67.71; 25.56;  1.08
 82.78; 72.72; 67.77; 25.59;  1.07
 82.84; 72.67; 67.72; 25.58;  1.07
 82.85; 72.52; 67.76; 25.61;  1.07
 82.86; 72.51; 67.71; 25.60;  1.06
 82.91; 72.41; 67.71; 25.58;  1.06
 82.93; 72.38; 67.75; 25.55;  1.05
 82.96; 72.48; 67.65; 25.51;  1.05
 82.98; 72.54; 67.61; 25.48;  1.04
 83.00; 72.59; 67.56; 25.44;  1.04
 83.07; 72.61; 67.47; 25.45;  1.04
 83.05; 72.55; 67.55; 25.46;  1.03
 83.07; 72.48; 67.55; 25.51;  1.03
 82.97; 72.50; 67.58; 25.56;  1.02
 82.99; 72.48; 67.64; 25.59;  1.02
 83.05; 72.46; 67.61; 25.66;  1.01
 83.07; 72.44; 67.66; 25.69;  1.01
 83.06; 72.50; 67.67; 25.72;  1.00
 82.98; 72.49; 67.70; 25.71;  1.00
 82.95; 72.44; 67.74; 25.69;  0.99
 82.96; 72.43; 67.70; 25.68;  0.99
 83.05; 72.34; 67.65; 25.67;  0.99
 83.11; 72.35; 67.61; 25.63;  0.98
 83.09; 72.40; 67.60; 25.60;  0.98
 83.11; 72.42; 67.60; 25.57;  0.98
 83.13; 72.47; 67.56; 25.53;  0.97
 83.19; 72.41; 67.55; 25.54;  0.97
 83.21; 72.39; 67.55; 25.55;  0.97
 83.15; 72.37; 67.62; 25.56;  0.96
 83.10; 72.31; 67.74; 25.56;  0.96
 83.08; 72.29; 67.83; 25.59;  0.95
 83.10; 72.23; 67.87; 25.66;  0.95
 83.04; 72.21; 67.96; 25.73;  0.94
 83.02; 72.19; 68.05; 25.75;  0.94
 82.99; 72.18; 68.00; 25.78;  0.94
 82.96; 72.17; 68.00; 25.77;  0.93
 83.04; 72.05; 67.99; 25.75;  0.93
 82.98; 72.04; 68.03; 25.74;  0.93
 83.00; 72.09; 67.98; 25.71;  0.92
 83.02; 72.18; 67.90; 25.68;  0.92
 83.07; 72.23; 67.82; 25.65;  0.92
 83.13; 72.21; 67.82; 25.62;  0.91
 83.11; 72.15; 67.85; 25.66;  0.91
 83.02; 72.17; 67.92; 25.67;  0.91
 83.00; 72.15; 67.95; 25.67;  0.90
 82.95; 72.09; 68.06; 25.68;  0.90
 82.97; 72.04; 68.14; 25.71;  0.90
 82.99; 72.02; 68.19; 25.73;  0.89
 83.01; 72.00; 68.19; 25.79;  0.89
 82.99; 72.02; 68.24; 25.82;  0.88
 83.00; 71.90; 68.27; 25.84;  0.88
 82.97; 71.93; 68.22; 25.83;  0.88
 82.98; 71.89; 68.22; 25.82;  0.88
 82.98; 71.92; 68.11; 25.84;  0.87
 83.00; 71.97; 68.07; 25.81;  0.87
 82.95; 72.05; 68.06; 25.78;  0.87
 82.97; 72.07; 68.06; 25.75;  0.86
 82.99; 72.08; 68.05; 25.72;  0.86
 83.01; 72.06; 68.05; 25.73;  0.86
 82.96; 72.12; 68.04; 25.74;  0.86
 82.90; 72.10; 68.10; 25.74;  0.85
 82.92; 72.15; 68.03; 25.75;  0.85
 82.98; 72.17; 68.00; 25.77;  0.85
 82.96; 72.19; 68.04; 25.80;  0.84
 82.98; 72.17; 68.08; 25.82;  0.84
 83.00; 72.12; 68.12; 25.88;  0.83
 83.00; 72.08; 68.12; 25.87;  0.83
 83.05; 72.07; 68.05; 25.85;  0.83
 82.98; 72.10; 68.04; 25.84;  0.83
 82.99; 72.05; 68.04; 25.83;  0.82
 83.01; 72.10; 68.00; 25.80;  0.82
 82.96; 72.15; 68.03; 25.77;  0.82
 82.98; 72.12; 68.06; 25.75;  0.82
 82.96; 72.20; 68.02; 25.72;  0.81
 82.98; 72.15; 68.05; 25.72;  0.81
 82.93; 72.20; 68.04; 25.73;  0.81
 82.92; 72.22; 68.04; 25.74;  0.81
 82.90; 72.24; 68.00; 25.77;  0.80
 82.92; 72.22; 68.04; 25.80;  0.80
 82.90; 72.20; 68.07; 25.79;  0.86
 82.85; 72.22; 68.14; 25.81;  0.86
 82.84; 72.20; 68.18; 25.86;  0.86
 82.87; 72.16; 68.13; 25.85;  0.85
 82.85; 72.12; 68.10; 25.84;  0.92
 82.76; 72.15; 68.12; 25.83;  0.92
 82.80; 72.08; 68.12; 25.82;  0.91
 82.82; 72.06; 68.08; 25.76;  1.01
 82.80; 72.10; 68.05; 25.67;  1.10
 82.79; 72.11; 68.00; 25.64;  1.16
 82.77; 72.12; 68.00; 25.65;  1.16
 82.76; 72.11; 67.93; 25.56;  1.35
 82.74; 72.09; 67.95; 25.54;  1.35
 82.76; 72.08; 67.95; 25.45;  1.44
 82.75; 72.06; 67.98; 25.46;  1.43
 82.73; 72.07; 68.01; 25.48;  1.43
 82.72; 72.08; 68.05; 25.50;  1.42
 82.74; 72.10; 68.03; 25.47;  1.48
 82.79; 72.08; 68.00; 25.46;  1.54
 82.76; 72.07; 68.00; 25.45;  1.53
 82.80; 72.00; 67.99; 25.44;  1.53
 82.78; 72.00; 67.99; 25.43;  1.52
 82.75; 72.05; 67.89; 25.39;  1.58
 82.77; 72.12; 67.83; 25.37;  1.58
 82.82; 72.13; 67.79; 25.35;  1.57
 82.80; 72.21; 67.76; 25.32;  1.57
 82.79; 72.19; 67.76; 25.24;  1.66
 82.81; 72.20; 67.72; 25.25;  1.65
 82.76; 72.22; 67.72; 25.29;  1.65
 82.75; 72.20; 67.75; 25.29;  1.64
 82.68; 72.25; 67.77; 25.30;  1.64
 82.66; 72.25; 67.81; 25.26;  1.69
 82.68; 72.24; 67.85; 25.28;  1.69
 82.70; 72.25; 67.85; 25.31;  1.68
 82.68; 72.27; 67.89; 25.33;  1.67
 82.66; 72.26; 67.88; 25.26;  1.73
 82.73; 72.16; 67.82; 25.19;  1.84
 82.68; 72.21; 67.79; 25.18;  1.84
 82.62; 72.26; 67.76; 25.18;  1.83
 82.61; 72.30; 67.75; 25.13;  1.83
 82.63; 72.34; 67.72; 25.11;  1.83
 82.62; 72.40; 67.69; 25.09;  1.82
 82.60; 72.41; 67.72; 25.07;  1.82
 82.65; 72.36; 67.67; 25.04;  1.87
 82.64; 72.38; 67.64; 25.00;  1.92
 82.62; 72.39; 67.64; 24.95;  1.98
 82.64; 72.41; 67.61; 24.94;  1.97
 82.65; 72.39; 67.58; 24.87;  2.11
 82.67; 72.40; 67.59; 24.86;  2.13
 82.71; 72.42; 67.57; 24.81;  2.18
 82.70; 72.46; 67.58; 24.77;  2.23
 82.64; 72.48; 67.57; 24.77;  2.23
 82.59; 72.45; 67.60; 24.70;  2.31
 82.57; 72.38; 67.65; 24.65;  2.33
 82.52; 72.38; 67.64; 24.58;  2.41
 82.48; 72.44; 67.64; 24.56;  2.40
 82.47; 72.42; 67.67; 24.50;  2.45
 82.46; 72.46; 67.61; 24.45;  2.53
 82.45; 72.50; 67.58; 24.38;  2.58
 82.41; 72.54; 67.57; 24.39;  2.57
 82.40; 72.55; 67.57; 24.40;  2.57
 82.41; 72.53; 67.53; 24.35;  2.65
 82.43; 72.52; 67.50; 24.30;  2.72
 82.39; 72.51; 67.59; 24.33;  2.71
 82.44; 72.49; 67.60; 24.35;  2.70
 82.42; 72.50; 67.63; 24.37;  2.69
 82.44; 72.49; 67.64; 24.37;  2.71
 82.39; 72.48; 67.66; 24.37;  2.71
 82.37; 72.48; 67.66; 24.36;  2.70
 82.41; 72.44; 67.63; 24.36;  2.69
 82.44; 72.41; 67.60; 24.35;  2.69
 82.49; 72.36; 67.63; 24.33;  2.68
 82.47; 72.32; 67.68; 24.34;  2.67
 82.44; 72.38; 67.67; 24.32;  2.67
 82.42; 72.42; 67.67; 24.31;  2.66
 82.41; 72.38; 67.72; 24.31;  2.65
 82.43; 72.39; 67.67; 24.35;  2.65
 82.39; 72.40; 67.69; 24.36;  2.64
 82.41; 72.39; 67.69; 24.37;  2.63
 82.45; 72.37; 67.69; 24.39;  2.63
 82.46; 72.33; 67.70; 24.46;  2.62
 82.48; 72.29; 67.73; 24.51;  2.61
 82.49; 72.31; 67.74; 24.53;  2.60
 82.50; 72.30; 67.71; 24.52;  2.59
 82.43; 72.32; 67.71; 24.54;  2.59
 82.41; 72.34; 67.68; 24.54;  2.58
 82.39; 72.34; 67.67; 24.53;  2.57
 82.38; 72.32; 67.70; 24.54;  2.57
 82.35; 72.38; 67.70; 24.52;  2.56
 82.29; 72.41; 67.74; 24.51;  2.56
 82.27; 72.44; 67.74; 24.49;  2.55
 82.24; 72.48; 67.74; 24.50;  2.54
 82.28; 72.47; 67.71; 24.50;  2.54
 82.24; 72.48; 67.73; 24.51;  2.53
 82.26; 72.47; 67.73; 24.52;  2.53
 82.30; 72.45; 67.73; 24.54;  2.52
 82.26; 72.49; 67.77; 24.56;  2.51
 82.25; 72.53; 67.77; 24.58;  2.50
 82.24; 72.52; 67.83; 24.60;  2.49
 82.23; 72.51; 67.82; 24.59;  2.49
 82.21; 72.50; 67.82; 24.59;  2.48
 82.19; 72.50; 67.82; 24.58;  2.48
 82.25; 72.44; 67.79; 24.58;  2.47
 82.24; 72.47; 67.79; 24.56;  2.47
 82.23; 72.53; 67.76; 24.54;  2.46
 82.17; 72.61; 67.73; 24.55;  2.45
 82.16; 72.64; 67.73; 24.53;  2.45
 82.15; 72.63; 67.75; 24.54;  2.44
 82.14; 72.64; 67.75; 24.55;  2.44
 82.13; 72.60; 67.72; 24.63;  2.43
 82.12; 72.61; 67.72; 24.64;  2.43
 82.14; 72.63; 67.73; 24.65;  2.42
 82.13; 72.66; 67.73; 24.67;  2.41
 82.12; 72.72; 67.71; 24.69;  2.40
 82.13; 72.73; 67.72; 24.71;  2.40
 82.14; 72.70; 67.72; 24.71;  2.39
 82.20; 72.67; 67.67; 24.70;  2.39
 82.18; 72.62; 67.71; 24.69;  2.38
 82.16; 72.54; 67.78; 24.69;  2.38
 82.18; 72.50; 67.80; 24.70;  2.37
 82.17; 72.53; 67.80; 24.68;  2.37
 82.18; 72.56; 67.77; 24.66;  2.36
 82.17; 72.57; 67.79; 24.65;  2.36
 82.14; 72.62; 67.74; 24.68;  2.35
 82.11; 72.61; 67.79; 24.68;  2.35
 82.12; 72.60; 67.79; 24.69;  2.34
 82.09; 72.56; 67.85; 24.70;  2.34
 82.08; 72.57; 67.88; 24.71;  2.33
 82.10; 72.59; 67.89; 24.73;  2.32
 82.11; 72.57; 67.91; 24.75;  2.31
 82.12; 72.58; 67.92; 24.77;  2.31
 82.18; 72.51; 67.92; 24.76;  2.30
 82.18; 72.50; 67.89; 24.76;  2.30
 82.15; 72.52; 67.89; 24.75;  2.29
 82.18; 72.47; 67.89; 24.75;  2.29
 82.19; 72.48; 67.88; 24.73;  2.28
 82.23; 72.51; 67.83; 24.71;  2.28
 82.24; 72.56; 67.79; 24.70;  2.27
 82.23; 72.61; 67.76; 24.68;  2.27
 82.22; 72.67; 67.71; 24.69;  2.26
 82.21; 72.68; 67.71; 24.69;  2.26
 82.18; 72.69; 67.73; 24.70;  2.26
 82.20; 72.70; 67.70; 24.71;  2.25
 82.21; 72.71; 67.71; 24.72;  2.24
 82.24; 72.72; 67.69; 24.74;  2.24
 82.21; 72.70; 67.76; 24.76;  2.23
 82.20; 72.72; 67.79; 24.78;  2.22
 82.21; 72.71; 67.77; 24.77;  2.22
 82.20; 72.68; 67.79; 24.77;  2.22
 82.23; 72.61; 67.81; 24.76;  2.21
 82.23; 72.58; 67.80; 24.76;  2.21
 82.25; 72.61; 67.78; 24.74;  2.20
 82.26; 72.62; 67.78; 24.72;  2.20
 82.27; 72.58; 67.80; 24.73;  2.19
 82.24; 72.58; 67.84; 24.71;  2.19
 82.23; 72.57; 67.86; 24.72;  2.18
 82.22; 72.54; 67.88; 24.75;  2.18
 82.19; 72.53; 67.92; 24.75;  2.18
 82.18; 72.52; 67.94; 24.76;  2.17
 82.18; 72.50; 67.98; 24.78;  2.17
 82.17; 72.47; 68.05; 24.79;  2.16
 82.14; 72.50; 68.08; 24.81;  2.15
 82.13; 72.54; 68.08; 24.83;  2.15
 82.11; 72.51; 68.10; 24.82;  2.14
 82.14; 72.48; 68.08; 24.82;  2.14
 82.13; 72.48; 68.08; 24.81;  2.14
 82.09; 72.47; 68.09; 24.81;  2.13
 82.08; 72.50; 68.09; 24.79;  2.13
 82.10; 72.48; 68.11; 24.78;  2.12
 82.09; 72.49; 68.13; 24.76;  2.12
 82.08; 72.52; 68.13; 24.75;  2.11
 82.09; 72.53; 68.10; 24.75;  2.11
 82.08; 72.52; 68.10; 24.78;  2.11
 82.08; 72.53; 68.09; 24.78;  2.10
 82.05; 72.52; 68.13; 24.79;  2.10
 82.04; 72.50; 68.18; 24.81;  2.09
 82.05; 72.49; 68.20; 24.82;  2.09
 82.07; 72.46; 68.25; 24.84;  2.08
 82.06; 72.45; 68.29; 24.85;  2.08
 82.04; 72.38; 68.35; 24.85;  2.07
 82.03; 72.36; 68.37; 24.84;  2.07
 82.04; 72.33; 68.35; 24.86;  2.06
 82.02; 72.33; 68.32; 24.88;  2.06
 82.01; 72.33; 68.34; 24.86;  2.06
 82.01; 72.38; 68.32; 24.85;  2.05
 82.00; 72.41; 68.31; 24.83;  2.05
 82.01; 72.41; 68.29; 24.84;  2.04
 82.00; 72.40; 68.31; 24.84;  2.04
 82.04; 72.37; 68.30; 24.85;  2.04
 81.99; 72.38; 68.34; 24.85;  2.03
 81.96; 72.39; 68.36; 24.86;  2.03
 81.95; 72.36; 68.42; 24.87;  2.02
 81.99; 72.35; 68.42; 24.89;  2.02
 81.98; 72.36; 68.45; 24.90;  2.01
 81.97; 72.39; 68.45; 24.92;  2.01
 81.98; 72.33; 68.47; 24.93;  2.00
 81.94; 72.34; 68.46; 24.93;  2.00
 81.99; 72.28; 68.46; 24.92;  2.00
 82.04; 72.23; 68.44; 24.92;  1.99
BestMCTS3   HQL_BOT wins= 67.75% errs=  0.00% alls=628
BestMCTS3  SOISMCTS wins= 62.06% errs=  0.00% alls=626
BestMCTS3  Sakkirin wins= 98.72% errs=  0.00% alls=626
BestMCTS3   ToT-BoT wins= 99.76% errs=  0.00% alls=622
  HQL_BOT BestMCTS3 wins= 32.25% errs=  0.00% alls=628
  HQL_BOT  SOISMCTS wins= 60.34% errs=  0.00% alls=624
  HQL_BOT  Sakkirin wins= 97.84% errs=  0.00% alls=624
  HQL_BOT   ToT-BoT wins= 98.87% errs=  0.00% alls=621
 SOISMCTS BestMCTS3 wins= 37.94% errs=  0.00% alls=626
 SOISMCTS   HQL_BOT wins= 39.66% errs=  0.00% alls=624
 SOISMCTS  Sakkirin wins= 97.92% errs=  0.00% alls=624
 SOISMCTS   ToT-BoT wins= 98.47% errs=  0.00% alls=621
 Sakkirin BestMCTS3 wins=  1.28% errs=  0.00% alls=626
 Sakkirin   HQL_BOT wins=  2.16% errs=  0.00% alls=624
 Sakkirin  SOISMCTS wins=  2.08% errs=  0.00% alls=624
 Sakkirin   ToT-BoT wins= 94.90% errs=  0.00% alls=618
  ToT-BoT BestMCTS3 wins=  0.24% errs= 93.73% alls=622
  ToT-BoT   HQL_BOT wins=  1.13% errs= 93.40% alls=621
  ToT-BoT  SOISMCTS wins=  1.53% errs= 93.72% alls=621
  ToT-BoT  Sakkirin wins=  5.10% errs= 93.77% alls=618
BestMCTS3 wins= 82.04% errs=  0.00% alls=2502
  HQL_BOT wins= 72.23% errs=  0.00% alls=2497
 SOISMCTS wins= 68.44% errs=  0.00% alls=2495
 Sakkirin wins= 24.92% errs=  0.00% alls=2492
  ToT-BoT wins=  1.99% errs= 93.66% alls=2483
